#51665361816596|00-accounting|10
15173468665748,15173492649492,15173492553748,15173468669716,15202503993108,15203128570004,15173492415508,15173468669588,15173468994068,15173468993300
#51935488621204|01-views-and-reports|100
15295156268820,15295210650004,15294752097684,15294752103700,15202946031892,15294752101268,15294752103444,15203012634772,15294752249620,15294752475924,15294766681364,15294752482452,15294752479124,15294766681492,15294767140244,15294753427348,15294751625748,15294766047124,15202503976468,15202552433172,15202503962516,15202503184020,15202503961364,15202552864020,15202503183508,15202553291668,15202504435348,15202504439828,15202504430484,15202553293460,15202504422804,15202553297684,15202553298836,15202504443284,15202504950420,15202552430868,15202676866452,15202676619156,15202742454292,15202676866196,15202676863764,15202742734228,15203013127828,15203128186260,15203128570388,15203112476052,15203112881940,15203112898068,15203112885652,15203128896660,15203113113492,15203113110036,15203128885268,15203128360340,15203113113236,15203214702484,15203214092052,15203234854804,15203214448020,15203235627796,15294753601556,15294767782036,15295211963412,15295155560852,15295155562260,15295211819028,15294751491348,15295155746964,15295155746836,15294751487636,15294751787028,15295211828500,15295155751444,15295211821204,15295211819540,15295213233044,15295157262228,15295211964692,15295155897236,15295156097812,15295156090644,15294751490196,15295156256788,15295156260500,15295156258196,15295212289812,15295155059220,15295212525844,15295154559764,15295155057044,15295154860180,15295156691732,15295212741268,15295156878996,15294751971732,15295156879252,15295157054612,15295157046420,15295213072788,15295157047444
#15173236218644|02-general-ledger|10
15186352924564,15186368857876,15186352922004,50891164193940,15186368847124,15186352772500,15186368710804,15186352924052,15186368850452,15186352935316
#15173206233236|03-payables|63
15202012414612,15202010748436,15202010925844,15202028504724,15202012412692,15202010759188,15202012591252,15202010925332,15202010926356,15202012415764,15202012411412,15202012411668,15202012592404,22935273569172,15202012411924,15202011077908,15202011074964,15202012591124,15202012590996,23766349200148,15202028504084,15202012945556,15202011281428,15202011077268,15202012242324,15202012796564,15202012785940,15201513534228,15202013122452,15202013215636,15202028504596,15202013217044,15202012946324,15202028505236,15202013041428,15202013123220,15202011444244,15202012593172,15202012593044,15202012592020,15202012944788,15202028426004,15202012719892,15202028426388,15202011443476,15202011555092,15202013040916,15202011444756,15202012245780,15202028504852,15202010745876,15202012251668,15202028508052,15202028505108,15202013507476,15202011445396,15202012719636,15202012884500,15202011360404,15202011361300,15202011445012,15202011280788,15202012946196
#15173167350804|04-receivables|124
15202279413652,15202311541012,15202277336724,15202279412884,15202311164692,15202279026708,15202280000916,15202312760852,15202312646932,15202277352212,15202310014484,15202277783060,15202277788052,15202309863828,15202277345556,15202278679828,15202310832788,46698242097940,15202279413396,15202310175252,15202310011796,15202277944212,15202310834196,15202278691988,15202312123284,15202280008724,15202310374292,15202310374164,15202278290452,15202278094100,15202278098580,15202278095124,15202310175124,15202310175380,15202278293268,15202311529364,15202278682644,15202311166100,15202309413140,15202311962260,15202297408148,15202277336468,15202280007444,15202312642836,15202277353236,15202278092820,15202311537812,15202312121364,15202279420948,15202311187860,15202312130196,15202312509588,15202277334932,15202279998868,15202312129940,15202279426452,15202312119828,15202278680468,15202278680596,15202279027988,15202278680852,15202311188500,15202310832020,27276845605268,15202312760468,15202297406356,15202297407508,15202311165076,15202279413524,15202311814804,15202297159316,15202279814420,15202309406484,15202279658004,15202277335956,15202279660948,15202280008852,20200553866004,15202309628436,15202277558804,15202277559188,15202309632532,15202311527572,15202312376724,27272172924820,15202310636436,15202310636692,15202279027220,15202278503572,15202297034004,15202279051156,15202310010900,15202278290836,15202297024532,15202297407892,15202297405716,15202309865108,15202312758676,15202279812756,15202279810324,15202312761108,15202278288148,15202278504596,15202278093972,15202279028756,15202310373908,15202310378004,15202297024148,15202297026068,15202311804180,15202309632788,15202277573012,15202279286676,15202279657876,15202311804308,15202312987156,15202312377108,15202312508692,15202278687252,15202311019284,15202278894356,15202311020436,15202311020180,15202309628564
